<?xml version="1.0"?>
<opencv_storage>
<mu type_id="opencv-matrix">
  <rows>1</rows>
  <cols>12</cols>
  <dt>d</dt>
  <data>
    0.50481650045340132 0.37787721113350031 0.2604691913551625
    0.51585216498740449 0.3870006296221668 0.28293089372796026
    0.00089869686045339879 1.8907906637697749e-07 2.2348487726267002e-10
    18377.602518891686 0.44902628085642243 742.48370226700183</data></mu>
<sigma type_id="opencv-matrix">
  <rows>1</rows>
  <cols>12</cols>
  <dt>d</dt>
  <data>
    0.24733416459700139 0.21934837045482111 0.18193634736963937
    0.21155462216769175 0.19643143981275246 0.18393673765420121
    0.00030110499728680322 3.40786102279033e-07 9.7608362154368797e-10
    9808.014872521886 0.16564425353274925 183.96395737350753</data></sigma>
</opencv_storage>
